1.0000 0.5131
1.0000 0.5131
0.9988 0.5229
0.9975 0.5331
0.9962 0.5438
0.9949 0.5549
0.9936 0.5665
0.9924 0.5786
0.9910 0.5913
0.9896 0.6045
0.9883 0.6184
0.9868 0.6329
0.9854 0.6482
0.9840 0.6643
0.9825 0.6812
0.9809 0.6991
0.9792 0.7178
0.9775 0.7376
0.9757 0.7585
0.9738 0.7807
0.9716 0.8041
0.9692 0.8288
0.9664 0.8549
0.9628 0.8822
0.9582 0.9105
0.9521 0.9395
0.9431 0.9678
0.9265 0.9904
0.8956 0.9990
0.8575 0.9999
0.8185 1.0000
0.7796 1.0000
0.7406 1.0000
0.7016 1.0000
0.6626 1.0000
0.6237 1.0000
0.5847 1.0000
0.5457 1.0000
0.5067 1.0000
0.4678 1.0000
0.4288 1.0000
0.3898 1.0000
0.3508 1.0000
0.3118 1.0000
0.2729 1.0000
0.2339 1.0000
0.1949 1.0000
0.1559 1.0000
0.1169 1.0000
0.0780 1.0000
0.0390 1.0000
0.0000 1.0000
