1.0000 0.5131
1.0000 0.5131
0.9992 0.5231
0.9978 0.5333
0.9960 0.5436
0.9936 0.5541
0.9908 0.5649
0.9879 0.5760
0.9848 0.5875
0.9813 0.5994
0.9779 0.6119
0.9741 0.6248
0.9702 0.6382
0.9659 0.6521
0.9613 0.6665
0.9565 0.6817
0.9514 0.6974
0.9462 0.7139
0.9405 0.7312
0.9346 0.7493
0.9283 0.7682
0.9213 0.7879
0.9135 0.8082
0.9045 0.8288
0.8937 0.8492
0.8804 0.8687
0.8647 0.8874
0.8477 0.9062
0.8299 0.9257
0.8103 0.9449
0.7901 0.9652
0.7687 0.9860
0.7403 0.9996
0.7016 1.0000
0.6626 1.0000
0.6237 1.0000
0.5847 1.0000
0.5457 1.0000
0.5067 1.0000
0.4678 1.0000
0.4288 1.0000
0.3898 1.0000
0.3508 1.0000
0.3118 1.0000
0.2729 1.0000
0.2339 1.0000
0.1949 1.0000
0.1559 1.0000
0.1169 1.0000
0.0780 1.0000
0.0390 1.0000
0.0000 1.0000
