0.9968 0.5827
0.9968 0.5827
0.9959 0.5981
0.9946 0.6131
0.9927 0.6279
0.9903 0.6426
0.9876 0.6573
0.9846 0.6721
0.9815 0.6871
0.9780 0.7023
0.9745 0.7176
0.9708 0.7332
0.9668 0.7489
0.9625 0.7649
0.9578 0.7807
0.9530 0.7967
0.9479 0.8128
0.9427 0.8292
0.9370 0.8453
0.9310 0.8612
0.9246 0.8767
0.9176 0.8917
0.9097 0.9061
0.9006 0.9199
0.8897 0.9323
0.8762 0.9438
0.8605 0.9552
0.8434 0.9668
0.8256 0.9766
0.8061 0.9847
0.7859 0.9918
0.7646 0.9974
0.7365 1.0000
0.6980 1.0000
0.6591 1.0000
0.6201 1.0000
0.5812 1.0000
0.5421 1.0000
0.5030 1.0000
0.4640 1.0000
0.4251 1.0000
0.3861 1.0000
0.3471 1.0000
0.3082 1.0000
0.2694 1.0000
0.2307 1.0000
0.1921 1.0000
0.1535 1.0000
0.1150 1.0000
0.0765 1.0000
0.0381 1.0000
0.0000 1.0000
