0.9968 0.5827 0.7355
0.9968 0.5827 0.7355
0.9956 0.6003 0.7490
0.9942 0.6187 0.7627
0.9930 0.6380 0.7769
0.9917 0.6579 0.7910
0.9904 0.6782 0.8051
0.9891 0.6986 0.8188
0.9877 0.7191 0.8323
0.9863 0.7396 0.8453
0.9850 0.7602 0.8581
0.9835 0.7807 0.8704
0.9821 0.8009 0.8823
0.9806 0.8207 0.8936
0.9791 0.8403 0.9044
0.9775 0.8594 0.9147
0.9758 0.8777 0.9242
0.9740 0.8954 0.9330
0.9722 0.9123 0.9413
0.9703 0.9283 0.9488
0.9681 0.9435 0.9556
0.9656 0.9570 0.9613
0.9627 0.9692 0.9659
0.9591 0.9795 0.9692
0.9545 0.9879 0.9709
0.9484 0.9941 0.9707
0.9392 0.9980 0.9677
0.9226 0.9998 0.9596
0.8915 1.0000 0.9426
0.8532 1.0000 0.9208
0.8143 1.0000 0.8976
0.7755 1.0000 0.8736
0.7368 1.0000 0.8485
0.6980 1.0000 0.8221
0.6592 1.0000 0.7946
0.6203 1.0000 0.7657
0.5813 1.0000 0.7352
0.5423 1.0000 0.7032
0.5032 1.0000 0.6695
0.4641 1.0000 0.6340
0.4251 1.0000 0.5966
0.3862 1.0000 0.5572
0.3472 1.0000 0.5154
0.3083 1.0000 0.4713
0.2695 1.0000 0.4246
0.2308 1.0000 0.3750
0.1922 1.0000 0.3224
0.1537 1.0000 0.2664
0.1153 1.0000 0.2068
0.0769 1.0000 0.1428
0.0383 1.0000 0.0738
0.0000 1.0000 0.0000
