1.0000 0.4909
1.0000 0.4909
0.9987 0.5003
0.9976 0.5102
0.9963 0.5203
0.9950 0.5310
0.9937 0.5421
0.9924 0.5536
0.9911 0.5658
0.9898 0.5785
0.9885 0.5918
0.9872 0.6058
0.9856 0.6204
0.9842 0.6358
0.9827 0.6520
0.9811 0.6690
0.9794 0.6869
0.9776 0.7058
0.9756 0.7257
0.9737 0.7469
0.9715 0.7693
0.9692 0.7930
0.9664 0.8180
0.9633 0.8445
0.9594 0.8722
0.9547 0.9014
0.9488 0.9316
0.9398 0.9612
0.9245 0.9867
0.8950 0.9986
0.8554 0.9999
0.8147 1.0000
0.7740 1.0000
0.7333 1.0000
0.6925 1.0000
0.6518 1.0000
0.6111 1.0000
0.5703 1.0000
0.5296 1.0000
0.4889 1.0000
0.4481 1.0000
0.4074 1.0000
0.3666 1.0000
0.3259 1.0000
0.2852 1.0000
0.2444 1.0000
0.2037 1.0000
0.1630 1.0000
0.1222 1.0000
0.0815 1.0000
0.0407 1.0000
0.0000 1.0000
