1.0000 0.4909
1.0000 0.4909
0.9971 0.4995
0.9937 0.5082
0.9890 0.5165
0.9846 0.5254
0.9798 0.5345
0.9748 0.5439
0.9697 0.5536
0.9646 0.5638
0.9594 0.5744
0.9540 0.5854
0.9486 0.5971
0.9433 0.6094
0.9378 0.6222
0.9320 0.6355
0.9261 0.6495
0.9204 0.6645
0.9147 0.6804
0.9092 0.6975
0.9037 0.7156
0.8978 0.7347
0.8919 0.7549
0.8859 0.7766
0.8793 0.7994
0.8723 0.8236
0.8648 0.8492
0.8560 0.8755
0.8451 0.9019
0.8320 0.9284
0.8159 0.9537
0.7964 0.9774
0.7704 0.9954
0.7333 1.0000
0.6925 1.0000
0.6518 1.0000
0.6111 1.0000
0.5703 1.0000
0.5296 1.0000
0.4889 1.0000
0.4481 1.0000
0.4074 1.0000
0.3666 1.0000
0.3259 1.0000
0.2852 1.0000
0.2444 1.0000
0.2037 1.0000
0.1630 1.0000
0.1222 1.0000
0.0815 1.0000
0.0407 1.0000
0.0000 1.0000
