0.9954 0.5408 0.7008
0.9954 0.5408 0.7008
0.9924 0.5531 0.7103
0.9890 0.5650 0.7192
0.9843 0.5761 0.7268
0.9798 0.5876 0.7346
0.9750 0.5993 0.7423
0.9700 0.6113 0.7500
0.9649 0.6234 0.7574
0.9597 0.6360 0.7650
0.9544 0.6490 0.7726
0.9490 0.6625 0.7803
0.9436 0.6761 0.7878
0.9382 0.6902 0.7953
0.9327 0.7051 0.8031
0.9268 0.7203 0.8106
0.9209 0.7358 0.8180
0.9151 0.7522 0.8257
0.9093 0.7691 0.8333
0.9038 0.7871 0.8414
0.8982 0.8059 0.8496
0.8923 0.8248 0.8572
0.8863 0.8441 0.8647
0.8802 0.8637 0.8719
0.8735 0.8832 0.8783
0.8664 0.9022 0.8839
0.8588 0.9208 0.8887
0.8498 0.9388 0.8921
0.8388 0.9556 0.8934
0.8257 0.9712 0.8926
0.8095 0.9843 0.8884
0.7901 0.9947 0.8807
0.7644 0.9995 0.8663
0.7274 1.0000 0.8422
0.6869 1.0000 0.8144
0.6464 1.0000 0.7852
0.6058 1.0000 0.7545
0.5654 1.0000 0.7224
0.5250 1.0000 0.6885
0.4846 1.0000 0.6528
0.4439 1.0000 0.6149
0.4035 1.0000 0.5750
0.3630 1.0000 0.5326
0.3225 1.0000 0.4877
0.2820 1.0000 0.4399
0.2417 1.0000 0.3893
0.2013 1.0000 0.3351
0.1609 1.0000 0.2772
0.1205 1.0000 0.2151
0.0802 1.0000 0.1485
0.0399 1.0000 0.0767
