0.9954 0.5408
0.9954 0.5408
0.9941 0.5563
0.9929 0.5729
0.9916 0.5903
0.9902 0.6088
0.9889 0.6280
0.9875 0.6481
0.9862 0.6687
0.9849 0.6902
0.9835 0.7119
0.9822 0.7343
0.9806 0.7569
0.9792 0.7795
0.9776 0.8020
0.9759 0.8240
0.9742 0.8459
0.9724 0.8673
0.9704 0.8870
0.9683 0.9069
0.9661 0.9245
0.9637 0.9410
0.9609 0.9554
0.9578 0.9681
0.9537 0.9783
0.9490 0.9869
0.9430 0.9931
0.9339 0.9974
0.9185 0.9995
0.8888 1.0000
0.8492 1.0000
0.8086 1.0000
0.7680 1.0000
0.7275 1.0000
0.6869 1.0000
0.6464 1.0000
0.6060 1.0000
0.5655 1.0000
0.5251 1.0000
0.4847 1.0000
0.4441 1.0000
0.4035 1.0000
0.3633 1.0000
0.3229 1.0000
0.2825 1.0000
0.2421 1.0000
0.2017 1.0000
0.1612 1.0000
0.1208 1.0000
0.0804 1.0000
0.0401 1.0000
0.0000 1.0000
