1.0000 0.4234
1.0000 0.4234
0.9953 0.4300
0.9907 0.4369
0.9860 0.4441
0.9812 0.4516
0.9766 0.4594
0.9720 0.4676
0.9672 0.4761
0.9625 0.4851
0.9576 0.4944
0.9528 0.5042
0.9479 0.5145
0.9430 0.5253
0.9380 0.5366
0.9329 0.5486
0.9277 0.5611
0.9225 0.5743
0.9172 0.5883
0.9116 0.6030
0.9061 0.6188
0.9003 0.6353
0.8943 0.6528
0.8879 0.6713
0.8813 0.6910
0.8745 0.7119
0.8672 0.7343
0.8593 0.7579
0.8506 0.7828
0.8410 0.8092
0.8304 0.8371
0.8181 0.8659
0.8035 0.8952
0.7857 0.9240
0.7635 0.9507
0.7354 0.9729
0.7001 0.9880
0.6585 0.9957
0.6134 0.9988
0.5667 0.9997
0.5196 0.9999
0.4724 1.0000
0.4252 1.0000
0.3780 1.0000
0.3307 1.0000
0.2835 1.0000
0.2362 1.0000
0.1890 1.0000
0.1418 1.0000
0.0945 1.0000
0.0473 1.0000
0.0000 1.0000
