0.9957 0.5609
0.9957 0.5609
0.9889 0.5709
0.9797 0.5800
0.9700 0.5891
0.9596 0.5978
0.9491 0.6068
0.9381 0.6158
0.9269 0.6248
0.9156 0.6339
0.9039 0.6430
0.8918 0.6519
0.8794 0.6610
0.8670 0.6702
0.8543 0.6794
0.8415 0.6889
0.8289 0.6988
0.8157 0.7085
0.8023 0.7181
0.7890 0.7281
0.7754 0.7378
0.7621 0.7481
0.7482 0.7586
0.7344 0.7695
0.7204 0.7803
0.7064 0.7918
0.6918 0.8030
0.6772 0.8148
0.6624 0.8266
0.6472 0.8386
0.6314 0.8506
0.6157 0.8630
0.5993 0.8752
0.5826 0.8873
0.5652 0.8995
0.5476 0.9117
0.5301 0.9242
0.5122 0.9374
0.4935 0.9501
0.4749 0.9638
0.4555 0.9767
0.4349 0.9890
0.4114 0.9981
0.3732 1.0000
0.3267 1.0000
0.2800 1.0000
0.2334 1.0000
0.1868 1.0000
0.1400 1.0000
0.0932 1.0000
0.0464 1.0000
0.0000 1.0000
