1.0000 0.4234 0.5949
1.0000 0.4234 0.5949
0.9932 0.4291 0.5993
0.9841 0.4340 0.6024
0.9745 0.4389 0.6052
0.9641 0.4437 0.6077
0.9536 0.4486 0.6102
0.9427 0.4535 0.6124
0.9316 0.4586 0.6146
0.9204 0.4639 0.6169
0.9087 0.4692 0.6189
0.8967 0.4745 0.6206
0.8844 0.4800 0.6223
0.8721 0.4858 0.6240
0.8595 0.4918 0.6256
0.8468 0.4979 0.6271
0.8344 0.5046 0.6289
0.8213 0.5113 0.6302
0.8080 0.5183 0.6315
0.7949 0.5258 0.6329
0.7814 0.5336 0.6342
0.7681 0.5420 0.6355
0.7544 0.5507 0.6367
0.7407 0.5600 0.6378
0.7268 0.5698 0.6388
0.7129 0.5804 0.6399
0.6985 0.5914 0.6405
0.6841 0.6034 0.6412
0.6695 0.6161 0.6417
0.6544 0.6296 0.6418
0.6387 0.6438 0.6412
0.6232 0.6596 0.6409
0.6069 0.6762 0.6397
0.5903 0.6942 0.6380
0.5731 0.7136 0.6357
0.5556 0.7350 0.6328
0.5381 0.7593 0.6298
0.5202 0.7865 0.6262
0.5014 0.8164 0.6213
0.4825 0.8510 0.6158
0.4626 0.8903 0.6088
0.4414 0.9344 0.5996
0.4172 0.9812 0.5855
0.3780 1.0000 0.5486
0.3307 1.0000 0.4970
0.2835 1.0000 0.4418
0.2362 1.0000 0.3821
0.1890 1.0000 0.3179
0.1418 1.0000 0.2484
0.0945 1.0000 0.1727
0.0473 1.0000 0.0903
0.0000 1.0000 0.0000
