0.9957 0.5609
0.9957 0.5609
0.9910 0.5755
0.9863 0.5907
0.9815 0.6062
0.9767 0.6222
0.9719 0.6387
0.9672 0.6555
0.9624 0.6727
0.9575 0.6903
0.9526 0.7078
0.9476 0.7257
0.9427 0.7436
0.9377 0.7614
0.9325 0.7794
0.9274 0.7972
0.9220 0.8148
0.9167 0.8316
0.9113 0.8483
0.9057 0.8649
0.9001 0.8806
0.8941 0.8958
0.8880 0.9101
0.8815 0.9238
0.8748 0.9362
0.8679 0.9476
0.8605 0.9583
0.8525 0.9675
0.8438 0.9757
0.8340 0.9824
0.8234 0.9880
0.8109 0.9923
0.7962 0.9953
0.7783 0.9975
0.7560 0.9988
0.7279 0.9995
0.6926 0.9998
0.6510 0.9999
0.6060 1.0000
0.5597 1.0000
0.5130 1.0000
0.4662 1.0000
0.4198 1.0000
0.3732 1.0000
0.3267 1.0000
0.2801 1.0000
0.2335 1.0000
0.1868 1.0000
0.1402 1.0000
0.0933 1.0000
0.0465 1.0000
0.0000 1.0000
